0 3 1 
0 3 1 4 
0 3 1 4 6 8 2 
0 3 1 4 6 8 2 7 5 
0 3 1 4 6 8 5 
0 3 1 4 6 8 5 2 
0 3 1 4 8 2 
0 3 1 4 8 2 7 5 
0 3 1 4 8 5 
0 3 1 4 8 5 2 
0 3 1 5 
0 3 1 5 2 
0 3 1 5 2 4 
0 3 1 5 2 7 4 
0 3 1 5 6 4 
0 3 1 5 6 8 2 
0 3 1 5 8 2 
0 3 1 7 2 
0 3 1 7 2 4 
0 3 1 7 2 8 5 
0 3 1 7 2 8 6 4 
0 3 1 7 4 
0 3 1 7 4 6 8 5 
0 3 1 7 4 8 2 
0 3 1 7 4 8 5 
0 3 1 7 5 
0 3 1 7 5 2 
0 3 1 7 5 6 4 
0 3 1 7 5 6 8 2 
0 3 1 7 8 2 
0 3 1 7 8 5 
0 3 1 7 8 6 4 
0 3 2 
0 3 2 1 
0 3 2 1 4 
0 3 2 1 5 6 4 
0 3 2 1 7 5 6 4 
0 3 2 4 
0 3 2 4 6 1 
0 3 2 4 6 8 5 
0 3 2 4 8 5 
0 3 2 7 4 
0 3 2 7 4 6 1 
0 3 2 7 4 6 8 5 
0 3 2 7 4 8 5 
0 3 2 7 5 
0 3 2 7 5 6 1 
0 3 2 7 5 6 4 
0 3 2 7 8 5 
0 3 2 7 8 6 1 
0 3 2 7 8 6 4 
0 3 2 8 5 
0 3 2 8 6 1 
0 3 2 8 6 4 
0 3 4 
0 3 4 6 1 
0 3 4 6 8 5 
0 3 4 8 2 
0 3 4 8 5 
0 3 4 8 6 1 
0 3 5 
0 3 5 1 4 
0 3 5 1 7 4 
0 3 5 2 
0 3 5 2 4 
0 3 5 2 7 4 
0 3 5 6 1 
0 3 5 6 4 
0 3 5 6 8 2 
0 3 5 8 6 1 
0 3 6 1 
0 3 6 1 5 2 
0 3 6 1 7 2 
0 3 6 1 7 4 
0 3 6 1 7 5 
0 3 6 1 7 8 5 
0 3 6 4 
0 3 6 8 2 
0 3 6 8 2 7 5 
0 3 6 8 5 
0 3 7 2 
0 3 7 4 
0 3 7 4 6 8 5 
0 3 7 4 8 2 
0 3 7 4 8 5 
0 3 7 5 
0 3 7 5 6 4 
0 3 7 8 2 
0 3 7 8 5 
0 3 7 8 6 1 
0 3 7 8 6 4 
0 3 8 2 
0 3 8 2 1 
0 3 8 5 
0 3 8 5 1 
0 3 8 6 1 
0 3 8 6 4 
0 4 
0 4 6 1 
0 4 6 1 5 
0 4 6 1 5 2 
0 4 6 1 5 8 2 
0 4 6 1 7 2 
0 4 6 1 7 2 8 5 
0 4 6 1 7 5 
0 4 6 1 7 5 2 
0 4 6 1 7 8 2 
0 4 6 1 7 8 5 
0 4 6 8 2 
0 4 6 8 2 1 
0 4 6 8 2 7 5 
0 4 6 8 5 
0 4 6 8 5 1 
0 4 6 8 5 2 
0 4 8 2 
0 4 8 2 1 
0 4 8 2 1 5 
0 4 8 2 1 7 5 
0 4 8 2 7 5 
0 4 8 5 
0 4 8 5 1 
0 4 8 5 2 
0 4 8 6 1 
0 5 
0 5 1 
0 5 1 4 
0 5 1 7 2 
0 5 1 7 2 4 
0 5 1 7 4 
0 5 1 7 8 2 
0 5 2 
0 5 2 1 
0 5 2 1 4 
0 5 2 3 6 4 
0 5 2 4 
0 5 2 7 4 
0 5 2 7 8 6 1 
0 5 2 8 6 1 
0 5 6 1 
0 5 6 1 7 2 
0 5 6 4 
0 5 6 8 2 
0 5 8 2 
0 5 8 2 1 
0 5 8 6 1 
1 0 5 7 8 6 
1 3 
1 3 2 
1 3 2 4 6 
1 3 2 4 6 8 5 
1 3 2 4 8 5 
1 3 2 4 8 6 
1 3 2 7 4 6 
1 3 2 7 4 6 8 5 
1 3 2 7 4 8 5 
1 3 2 7 4 8 6 
1 3 2 7 5 
1 3 2 7 5 6 
1 3 2 7 5 8 6 
1 3 2 7 8 5 
1 3 2 7 8 6 
1 3 2 8 5 
1 3 2 8 5 6 
1 3 2 8 6 
1 3 4 6 
1 3 4 6 8 5 
1 3 4 8 2 
1 3 4 8 5 
1 3 4 8 6 
1 3 5 
1 3 5 2 
1 3 5 2 4 6 
1 3 5 2 7 4 6 
1 3 5 6 
1 3 5 8 6 
1 3 6 
1 3 7 2 
1 3 7 4 6 
1 3 7 4 6 8 5 
1 3 7 4 8 2 
1 3 7 4 8 5 
1 3 7 4 8 6 
1 3 7 5 
1 3 7 5 6 
1 3 7 5 8 6 
1 3 7 8 2 
1 3 7 8 5 
1 3 7 8 6 
1 3 8 2 
1 3 8 5 
1 3 8 6 
1 4 6 
1 4 6 8 2 
1 4 6 8 2 7 5 
1 4 6 8 5 
1 4 6 8 5 2 
1 4 8 2 
1 4 8 2 7 5 
1 4 8 5 
1 4 8 5 2 
1 4 8 6 
1 5 
1 5 2 
1 5 2 3 6 
1 5 2 4 6 
1 5 2 7 4 6 
1 5 2 7 8 6 
1 5 2 8 6 
1 5 6 
1 5 8 2 
1 5 8 6 
1 7 2 
1 7 2 3 6 
1 7 2 4 6 
1 7 2 4 8 6 
1 7 2 8 5 
1 7 2 8 6 
1 7 3 
1 7 3 4 6 5 
1 7 3 6 
1 7 4 6 
1 7 4 6 8 5 
1 7 4 8 2 
1 7 4 8 5 
1 7 4 8 6 
1 7 5 
1 7 5 2 
1 7 5 6 
1 7 5 8 6 
1 7 8 2 
1 7 8 5 
1 7 8 6 
2 0 3 6 8 7 
2 0 4 6 8 7 
2 0 4 8 1 7 
2 0 4 8 7 
2 0 5 7 
2 0 5 7 8 
2 0 5 6 8 7 
2 3 
2 3 4 6 8 
2 3 4 6 8 5 
2 3 4 8 
2 3 4 8 5 
2 3 5 
2 3 5 6 4 8 7 
2 3 5 6 8 
2 3 5 8 
2 3 6 4 8 7 
2 3 6 8 
2 3 6 8 5 7 
2 3 7 
2 3 7 4 8 
2 3 7 4 8 5 
2 3 7 5 
2 3 7 5 8 
2 3 7 8 
2 3 8 
2 4 6 8 
2 4 6 8 5 
2 4 8 
2 4 8 5 
2 7 
2 7 3 6 8 
2 7 4 6 8 
2 7 4 6 8 5 
2 7 4 8 
2 7 4 8 5 
2 7 5 
2 7 5 6 8 
2 7 5 8 
2 7 8 
2 8 
2 8 5 
3 1 0 7 
3 2 0 6 1 
3 2 6 1 
3 2 6 4 0 
3 2 7 6 4 0 
3 6 1 0 7 
3 6 4 0 7 
3 6 8 5 0 7 
3 7 
4 0 6 1 7 
4 0 6 
4 0 8 5 1 7 
4 0 8 6 1 7 
4 0 8 6 
4 0 5 2 6 
4 0 5 2 7 6 
4 6 
4 8 5 6 
4 8 6 
5 0 1 8 
5 0 1 7 
5 0 1 7 8 
5 0 6 1 7 
5 0 6 8 
5 0 8 
5 1 8 
5 2 0 6 1 
5 2 7 6 1 
5 6 8 
5 8 
6 1 3 5 4 
6 1 5 4 
6 1 7 5 4 
6 8 
8 2 7 6 
8 2 5 6 
8 2 6 
